4101
1166
2179
4331
1020
1614
758
328
489
1021
1900
767
4367
1101
331
1088
755
526
717
2352
710
322
707
482
1921
375
524
3773
1282
473
524
2158
892
480
1588
717
2599
1290
669
322
969
3169
1190
2655
517
886
3013
2278
425
1523
376
2514
805
3903
2187
619
474
2155
1419
662
931
568
2125
329
715
1123
2593
379
571
428
384
3096
331
477
1241
546
330
953
479
949
401
407
476
2089
7178
618
3008
1354
489
3361
1758
326
400
953
825
554
404
1463
324
483
401
1013
485
1018
1023
946
328
882
1286
